\begin{tabular}{lrrrrrr}
\toprule
{} &  Confirmed &    Deaths &      AWND &      PRCP &      TMAX &      TMIN \\
\midrule
Confirmed &   1.000000 &  0.971463 &  0.022642 & -0.157289 &  0.387537 &  0.406781 \\
Deaths    &   0.971463 &  1.000000 &  0.041239 & -0.180878 &  0.439628 &  0.442325 \\
AWND      &   0.022642 &  0.041239 &  1.000000 & -0.118884 & -0.079533 & -0.055577 \\
PRCP      &  -0.157289 & -0.180878 & -0.118884 &  1.000000 & -0.228251 & -0.094460 \\
TMAX      &   0.387537 &  0.439628 & -0.079533 & -0.228251 &  1.000000 &  0.317699 \\
TMIN      &   0.406781 &  0.442325 & -0.055577 & -0.094460 &  0.317699 &  1.000000 \\
\bottomrule
\end{tabular}
