\begin{tabular}{lrrrrrr}
\toprule
{} &  Confirmed &    Deaths &      AWND &      PRCP &      TMAX &      TMIN \\
\midrule
Confirmed &   1.000000 &  0.976245 &  0.012217 & -0.137567 &  0.349143 &  0.391529 \\
Deaths    &   0.976245 &  1.000000 &  0.041743 & -0.178289 &  0.430731 &  0.427688 \\
AWND      &   0.012217 &  0.041743 &  1.000000 & -0.118884 & -0.079533 & -0.055577 \\
PRCP      &  -0.137567 & -0.178289 & -0.118884 &  1.000000 & -0.228251 & -0.094460 \\
TMAX      &   0.349143 &  0.430731 & -0.079533 & -0.228251 &  1.000000 &  0.317699 \\
TMIN      &   0.391529 &  0.427688 & -0.055577 & -0.094460 &  0.317699 &  1.000000 \\
\bottomrule
\end{tabular}
